image_width: 640
image_height: 480
camera_name: depth_PS1080_PrimeSense
camera_matrix:
  rows: 3
  cols: 3
  data: [578.2003181445243, 0, 313.1492612542917, 0, 577.0414153753306, 261.0633384394221, 0, 0, 1]
distortion_model: plumb_bob
distortion_coefficients:
  rows: 1
  cols: 5
  data: [-0.04811203415116974, 0.1016834379177178, 0.004007018865959849, -0.007894271794987558, 0]
rectification_matrix:
  rows: 3
  cols: 3
  data: [1, 0, 0, 0, 1, 0, 0, 0, 1]
projection_matrix:
  rows: 3
  cols: 4
  data: [577.8861083984375, 0, 308.1720125275897, 0, 0, 579.8697509765625, 261.9979525314884, 0, 0, 0, 1, 0]